% -------------------------------------------------------------------
%  Generated by MATLAB on 30-Jan-2020 14:43:52
%  MATLAB version: 9.4.0.813654 (R2018a)
% -------------------------------------------------------------------
                                        
case_sel = 4;
Results = reshape([19.505243026545813 18.0136530301537 17.926738389850637 ...
                   19.675937270890039 29.561820518573789 NaN 36 NaN NaN ...
                   26 NaN NaN NaN 15 NaN NaN 18.534106827732362 18.024169458269768 ...
                   17.7141313324712 NaN 17.488626712750015 NaN NaN 19.772218481168437 ...
                   NaN NaN NaN 44 NaN NaN NaN 18.6792815870942 18.275732221422846 ...
                   NaN 17.670154605459405 NaN NaN 15.27372030013048 NaN ...
                   NaN NaN 15 NaN NaN NaN NaN 19.501646916308111 NaN 19.074632538596344 ...
                   NaN NaN 16.050928138371116 NaN NaN NaN 15.919494290360875 ...
                   NaN NaN NaN NaN NaN NaN 19.215365024860063 NaN NaN 16.429284059984806 ...
                   NaN NaN NaN 15 NaN NaN NaN NaN NaN NaN 18.929809773635053 ...
                   NaN NaN 18.085668193051305 NaN NaN NaN 17.061883118984067 ...
                   NaN NaN NaN NaN NaN NaN NaN NaN NaN 19.011550741246356 ...
                   NaN NaN NaN 14.958586971287474 0.99999996613136455 0.73106745419923946 ...
                   0.665253712468156 0.64392900735044822 0.63642439167131715 ...
                   NaN 0.63271394379600776 NaN NaN 0.63216585298483163 ...
                   NaN NaN NaN 0.63213769096131045 NaN NaN 0.90997582866239524 ...
                   0.88080655711277289 0.87054127223924116 NaN 0.86546588849182271 ...
                   NaN NaN 0.86471617544136792 NaN NaN NaN 0.8646776536560532 ...
                   NaN NaN NaN 0.96794500196830158 0.95666417148021921 ...
                   NaN 0.951086678567455 NaN NaN 0.95026279618859211 NaN ...
                   NaN NaN 0.95022046343194089 NaN NaN NaN NaN 0.98834558328006594 ...
                   NaN 0.98258338508304877 NaN NaN 0.981732218565494 NaN ...
                   NaN NaN 0.98168848389412522 NaN NaN NaN NaN NaN NaN ...
                   0.99416985206228481 NaN NaN 0.99330864947623831 NaN ...
                   NaN NaN 0.99326439909264108 NaN NaN NaN NaN NaN NaN ...
                   0.99843125397484112 NaN NaN 0.9975671861085329 NaN NaN ...
                   NaN 0.99752274806704144 NaN NaN NaN NaN NaN NaN NaN ...
                   NaN NaN 0.99913374421669476 NaN NaN NaN 0.99908923639065617 ...
                   43.400000000000006 60.6 77.7 101.80000000000001 170.3 ...
                   NaN -1 NaN NaN -1 NaN NaN NaN -1 NaN NaN 51.800000000000004 ...
                   59.300000000000004 66.3 NaN 81.300000000000011 NaN NaN ...
                   116.80000000000001 NaN NaN NaN -1 NaN NaN NaN 48.800000000000004 ...
                   53.5 NaN 61.800000000000004 NaN NaN 72.4 NaN NaN NaN ...
                   89.600000000000009 NaN NaN NaN NaN 47.400000000000006 ...
                   NaN 54 NaN NaN 60.6 NaN NaN NaN 69.9 NaN NaN NaN NaN ...
                   NaN NaN 48.900000000000006 NaN NaN 54.900000000000006 ...
                   NaN NaN NaN 60.5 NaN NaN NaN NaN NaN NaN 45.7 NaN NaN ...
                   50.7 NaN NaN NaN 56.2 NaN NaN NaN NaN NaN NaN NaN NaN ...
                   NaN 48.5 NaN NaN NaN 52.300000000000004 0.7064104005864037 ...
                   0.709172534267134 0.70324451827033063 0.69723823683291519 ...
                   0.69115094529653542 NaN 0.5162070114966979 NaN NaN 0.48225921247452719 ...
                   NaN NaN NaN 0.46244918205749597 NaN NaN 0.70734792080326869 ...
                   0.704324280944635 0.70027391857950316 NaN 0.69289337145674568 ...
                   NaN NaN 0.68461905894672215 NaN NaN NaN 0.50372860587864432 ...
                   NaN NaN NaN 0.712892141079766 0.71134033437845412 NaN ...
                   0.70598050816241054 NaN NaN 0.69966100411866994 NaN ...
                   NaN NaN 0.69273392360411 NaN NaN NaN NaN 0.7072356260215924 ...
                   NaN 0.7072356260215924 NaN NaN 0.7072356260215924 NaN ...
                   NaN NaN 0.7072356260215924 NaN NaN NaN NaN NaN NaN 0.7064104005864037 ...
                   NaN NaN 0.7064104005864037 NaN NaN NaN 0.7064104005864037 ...
                   NaN NaN NaN NaN NaN NaN 0.7064104005864037 NaN NaN 0.7064104005864037 ...
                   NaN NaN NaN 0.7064104005864037 NaN NaN NaN NaN NaN NaN ...
                   NaN NaN NaN 0.7064104005864037 NaN NaN NaN 0.7064104005864037 ...
                   0.25176557339071526 0.25185102187886726 0.26713128756017668 ...
                   0.27988595910416464 0.28972184063815393 NaN 0.47571660628021456 ...
                   NaN NaN 0.51081348552738648 NaN NaN NaN 0.53065576207154941 ...
                   NaN NaN 0.25176557339071526 0.25176557339071526 0.26328763232397134 ...
                   NaN 0.27745780697638511 NaN NaN 0.28753507402847445 ...
                   NaN NaN NaN 0.48511617490643982 NaN NaN NaN 0.25176557339071526 ...
                   0.25176557339071526 NaN 0.25735965470080846 NaN NaN ...
                   0.26860578296526239 NaN NaN NaN 0.27661846009561564 ...
                   NaN NaN NaN NaN 0.25176557339071526 NaN 0.25176557339071526 ...
                   NaN NaN 0.25176557339071526 NaN NaN NaN 0.2571413536773634 ...
                   NaN NaN NaN NaN NaN NaN 0.25176557339071526 NaN NaN ...
                   0.25176557339071526 NaN NaN NaN 0.25176557339071526 ...
                   NaN NaN NaN NaN NaN NaN 0.25176557339071526 NaN NaN ...
                   0.25176557339071526 NaN NaN NaN 0.25176557339071526 ...
                   NaN NaN NaN NaN NaN NaN NaN NaN NaN 0.25176557339071526 ...
                   NaN NaN NaN 0.25176557339071526], 14, 7, 5);

