% -------------------------------------------------------------------
%  Generated by MATLAB on 30-Jan-2020 14:30:37
%  MATLAB version: 9.4.0.813654 (R2018a)
% -------------------------------------------------------------------
                                    

Results = reshape([15.824993806366797 12.332709280002344 11.433443497209753 ...
                   11.085914734764197 10.821173669767287 NaN 10.359600095876333 ...
                   NaN NaN 9.8091309851658348 NaN NaN NaN 9.8170492918280168 ...
                   NaN NaN 13.517664264000658 12.858306200243668 12.850210963968516 ...
                   NaN 13.594415433458298 NaN NaN 11.104960914052988 NaN ...
                   NaN NaN 10.449082442437239 NaN NaN NaN 14.086529978122986 ...
                   13.988781204200089 NaN 15.795055394924148 NaN NaN 17.434878698935979 ...
                   NaN NaN NaN 18.940837301991131 NaN NaN NaN NaN 13.791395747804707 ...
                   NaN 13.394401268532828 NaN NaN 12.437878147202362 NaN ...
                   NaN NaN 11.899387995743812 NaN NaN NaN NaN NaN NaN 15.123602868576024 ...
                   NaN NaN 14.558782249240693 NaN NaN NaN 14.410210124508493 ...
                   NaN NaN NaN NaN NaN NaN 15.6635050403463 NaN NaN 15.149060426287482 ...
                   NaN NaN NaN 15.016590381109079 NaN NaN NaN NaN NaN NaN ...
                   NaN NaN NaN 15.325961060164667 NaN NaN NaN NaN NaN NaN ...
                   NaN NaN NaN NaN NaN NaN NaN 15.508686367178971 NaN NaN ...
                   NaN NaN NaN NaN NaN NaN NaN NaN NaN NaN NaN 15.68627514743824 ...
                   NaN NaN NaN NaN NaN NaN NaN NaN NaN NaN NaN NaN NaN ...
                   NaN NaN NaN NaN NaN NaN NaN NaN NaN NaN NaN NaN NaN ...
                   NaN NaN NaN NaN NaN NaN NaN NaN NaN NaN NaN NaN NaN ...
                   NaN NaN NaN NaN NaN NaN NaN NaN NaN NaN NaN NaN NaN ...
                   NaN NaN NaN NaN NaN NaN NaN NaN NaN NaN NaN NaN NaN ...
                   NaN NaN NaN NaN NaN NaN NaN NaN NaN 3.1255614384526935 ...
                   2.0444039586128091 1.907250669493685 1.917831185668746 ...
                   1.9545484163271165 NaN 2.012231002642781 NaN NaN 2.0548576604740241 ...
                   NaN NaN NaN 2.0897789706062184 NaN NaN 2.6720507548202783 ...
                   2.6720507548202783 2.7161674950234387 NaN 2.9329869293329507 ...
                   NaN NaN 3.0524739784811259 NaN NaN NaN 3.0891462774383749 ...
                   NaN NaN NaN 3.0985932310787581 3.0985932310787581 NaN ...
                   3.0985932310787581 NaN NaN 3.53590839743792 NaN NaN ...
                   NaN 4.1314024726160126 NaN NaN NaN NaN 3.1255614384526935 ...
                   NaN 3.1255614384526935 NaN NaN 3.1255614384526935 NaN ...
                   NaN NaN 3.1255614384526935 NaN NaN NaN NaN NaN NaN 3.1255614384526935 ...
                   NaN NaN 3.1255614384526935 NaN NaN NaN 3.1255614384526935 ...
                   NaN NaN NaN NaN NaN NaN 3.1255614384526935 NaN NaN 3.1255614384526935 ...
                   NaN NaN NaN 3.1255614384526935 NaN NaN NaN NaN NaN NaN ...
                   NaN NaN NaN 3.1255614384526935 NaN NaN NaN NaN NaN NaN ...
                   NaN NaN NaN NaN NaN NaN NaN 3.1255614384526935 NaN NaN ...
                   NaN NaN NaN NaN NaN NaN NaN NaN NaN NaN NaN 3.1255614384526935 ...
                   NaN NaN NaN NaN NaN NaN NaN NaN NaN NaN NaN NaN NaN ...
                   NaN NaN NaN NaN NaN NaN NaN NaN NaN NaN NaN NaN NaN ...
                   NaN NaN NaN NaN NaN NaN NaN NaN NaN NaN NaN NaN NaN ...
                   NaN NaN NaN NaN NaN NaN NaN NaN NaN NaN NaN NaN NaN ...
                   NaN NaN NaN NaN NaN NaN NaN NaN NaN NaN NaN NaN NaN ...
                   NaN NaN NaN NaN NaN NaN NaN NaN NaN 31 40.900000000000006 ...
                   46.300000000000004 50.400000000000006 53.900000000000006 ...
                   NaN 60.5 NaN NaN 69.5 NaN NaN NaN 83.4 NaN NaN 36.300000000000004 ...
                   38.1 39 NaN 40.5 NaN NaN 43.900000000000006 NaN NaN ...
                   NaN 46.400000000000006 NaN NaN NaN 34.5 34.300000000000004 ...
                   NaN 33.800000000000004 NaN NaN 34.800000000000004 NaN ...
                   NaN NaN 36.800000000000004 NaN NaN NaN NaN 32.9 NaN ...
                   33.300000000000004 NaN NaN 33.300000000000004 NaN NaN ...
                   NaN 33 NaN NaN NaN NaN NaN NaN 31.3 NaN NaN 31.1 NaN ...
                   NaN NaN 31 NaN NaN NaN NaN NaN NaN 31 NaN NaN 30.900000000000002 ...
                   NaN NaN NaN 30.900000000000002 NaN NaN NaN NaN NaN NaN ...
                   NaN NaN NaN 30.900000000000002 NaN NaN NaN NaN NaN NaN ...
                   NaN NaN NaN NaN NaN NaN NaN 30.900000000000002 NaN NaN ...
                   NaN NaN NaN NaN NaN NaN NaN NaN NaN NaN NaN 30.900000000000002 ...
                   NaN NaN NaN NaN NaN NaN NaN NaN NaN NaN NaN NaN NaN ...
                   NaN NaN NaN NaN NaN NaN NaN NaN NaN NaN NaN NaN NaN ...
                   NaN NaN NaN NaN NaN NaN NaN NaN NaN NaN NaN NaN NaN ...
                   NaN NaN NaN NaN NaN NaN NaN NaN NaN NaN NaN NaN NaN ...
                   NaN NaN NaN NaN NaN NaN NaN NaN NaN NaN NaN NaN NaN ...
                   NaN NaN NaN NaN NaN NaN NaN NaN NaN 0.62594078219869387 ...
                   0.69602550061025936 0.699544855643125 0.69590152258096571 ...
                   0.69048455096372408 NaN 0.68140142657791192 NaN NaN ...
                   0.6733814328177562 NaN NaN NaN 0.66584046406710917 NaN ...
                   NaN 0.67944275227901607 0.67944275227901607 0.67944275227901607 ...
                   NaN 0.67944275227901607 NaN NaN 0.67538831274634115 ...
                   NaN NaN NaN 0.6783952147831942 NaN NaN NaN 0.63794364865302011 ...
                   0.63794364865302011 NaN 0.63794364865302011 NaN NaN ...
                   0.63794364865302011 NaN NaN NaN 0.63794364865302011 ...
                   NaN NaN NaN NaN 0.62594078219869387 NaN 0.62594078219869387 ...
                   NaN NaN 0.62594078219869387 NaN NaN NaN 0.62594078219869387 ...
                   NaN NaN NaN NaN NaN NaN 0.62594078219869387 NaN NaN ...
                   0.62594078219869387 NaN NaN NaN 0.62594078219869387 ...
                   NaN NaN NaN NaN NaN NaN 0.62594078219869387 NaN NaN ...
                   0.62594078219869387 NaN NaN NaN 0.62594078219869387 ...
                   NaN NaN NaN NaN NaN NaN NaN NaN NaN 0.62594078219869387 ...
                   NaN NaN NaN NaN NaN NaN NaN NaN NaN NaN NaN NaN NaN ...
                   0.62594078219869387 NaN NaN NaN NaN NaN NaN NaN NaN ...
                   NaN NaN NaN NaN NaN 0.62594078219869387 NaN NaN NaN ...
                   NaN NaN NaN NaN NaN NaN NaN NaN NaN NaN NaN NaN NaN ...
                   NaN NaN NaN NaN NaN NaN NaN NaN NaN NaN NaN NaN NaN ...
                   NaN NaN NaN NaN NaN NaN NaN NaN NaN NaN NaN NaN NaN ...
                   NaN NaN NaN NaN NaN NaN NaN NaN NaN NaN NaN NaN NaN ...
                   NaN NaN NaN NaN NaN NaN NaN NaN NaN NaN NaN NaN NaN ...
                   NaN NaN NaN NaN NaN NaN 0.25054079146137531 0.25054079146137531 ...
                   0.25054079146137531 0.25054079146137531 0.25054079146137531 ...
                   NaN 0.26022039851575168 NaN NaN 0.26798652723108968 ...
                   NaN NaN NaN 0.27528055219254238 NaN NaN 0.25054079146137531 ...
                   0.25054079146137531 0.25054079146137531 NaN 0.25054079146137531 ...
                   NaN NaN 0.25054079146137531 NaN NaN NaN 0.25054079146137531 ...
                   NaN NaN NaN 0.25054079146137531 0.25054079146137531 ...
                   NaN 0.25054079146137531 NaN NaN 0.25054079146137531 ...
                   NaN NaN NaN 0.25054079146137531 NaN NaN NaN NaN 0.25054079146137531 ...
                   NaN 0.25054079146137531 NaN NaN 0.25054079146137531 ...
                   NaN NaN NaN 0.25054079146137531 NaN NaN NaN NaN NaN ...
